+--------------------+----------+--------+--------+--------+------------+------+--------+-----+--------+----+--------+----+--------+
| 样本文件           | 样本词数 | 大纲词 | 总占比 | 超纲词 | 超纲词占比 | 甲   | 甲占比 | 乙  | 乙占比 | 丙 | 丙占比 | 丁 | 丁占比 |
+--------------------+----------+--------+--------+--------+------------+------+--------+-----+--------+----+--------+----+--------+
| chq/bld_x.txt      | 2171     | 2171   | 1.0000 | 0      | 0.0000     | 2042 | 0.9406 | 127 | 0.0585 | 4  | 0.0018 | 20 | 0.0092 |
| chq/byzq_x.txt     | 3309     | 3309   | 1.0000 | 0      | 0.0000     | 3059 | 0.9244 | 214 | 0.0647 | 88 | 0.0266 | 14 | 0.0042 |
| chq/gonggong_x.txt | 1318     | 1314   | 0.9970 | 4      | 0.0030     | 1194 | 0.9059 | 123 | 0.0933 | 17 | 0.0129 | 7  | 0.0053 |
| chq/hml_x.txt      | 2097     | 2094   | 0.9986 | 3      | 0.0014     | 1855 | 0.8846 | 212 | 0.1011 | 39 | 0.0186 | 15 | 0.0072 |
| chq/jiaoliu_x.txt  | 4061     | 4059   | 0.9995 | 2      | 0.0005     | 3865 | 0.9517 | 181 | 0.0446 | 54 | 0.0133 | 36 | 0.0089 |
| chq/liwa_x.txt     | 6247     | 6240   | 0.9989 | 7      | 0.0011     | 5948 | 0.9521 | 357 | 0.0571 | 8  | 0.0013 | 82 | 0.0131 |
| chq/nvwa_x.txt     | 1865     | 1865   | 1.0000 | 0      | 0.0000     | 1723 | 0.9239 | 135 | 0.0724 | 19 | 0.0102 | 28 | 0.0150 |
| chq/qinshi_x.txt   | 5929     | 5905   | 0.9960 | 24     | 0.0040     | 5353 | 0.9029 | 563 | 0.0950 | 56 | 0.0094 | 70 | 0.0118 |
| chq/woxxin_x.txt   | 4487     | 4485   | 0.9996 | 2      | 0.0004     | 4007 | 0.8930 | 408 | 0.0909 | 83 | 0.0185 | 29 | 0.0065 |
+--------------------+----------+--------+--------+--------+------------+------+--------+-----+--------+----+--------+----+--------+
样本文件,样本词数,大纲词,总占比,超纲词,超纲词占比,甲,甲占比,乙,乙占比,丙,丙占比,丁,丁占比
chq/bld_x.txt,2171,2171,1.0000,0,0.0000,2042,0.9406,127,0.0585,4,0.0018,20,0.0092
chq/byzq_x.txt,3309,3309,1.0000,0,0.0000,3059,0.9244,214,0.0647,88,0.0266,14,0.0042
chq/gonggong_x.txt,1318,1314,0.9970,4,0.0030,1194,0.9059,123,0.0933,17,0.0129,7,0.0053
chq/hml_x.txt,2097,2094,0.9986,3,0.0014,1855,0.8846,212,0.1011,39,0.0186,15,0.0072
chq/jiaoliu_x.txt,4061,4059,0.9995,2,0.0005,3865,0.9517,181,0.0446,54,0.0133,36,0.0089
chq/liwa_x.txt,6247,6240,0.9989,7,0.0011,5948,0.9521,357,0.0571,8,0.0013,82,0.0131
chq/nvwa_x.txt,1865,1865,1.0000,0,0.0000,1723,0.9239,135,0.0724,19,0.0102,28,0.0150
chq/qinshi_x.txt,5929,5905,0.9960,24,0.0040,5353,0.9029,563,0.0950,56,0.0094,70,0.0118
chq/woxxin_x.txt,4487,4485,0.9996,2,0.0004,4007,0.8930,408,0.0909,83,0.0185,29,0.0065