+--------------------+----------+--------+--------+--------+------------+------+----------+--------+------+----------+--------+------+----------+--------+------+----------+--------+------+----------+--------+------+----------+--------+
| 样本文件           | 样本词数 | 大纲词 | 总占比 | 超纲词 | 超纲词占比 | ws_1 | ws_1占比 | ws_1_u | ws_2 | ws_2占比 | ws_2_u | ws_3 | ws_3占比 | ws_3_u | ws_4 | ws_4占比 | ws_4_u | ws_5 | ws_5占比 | ws_5_u | ws_6 | ws_6占比 | ws_6_u |
+--------------------+----------+--------+--------+--------+------------+------+----------+--------+------+----------+--------+------+----------+--------+------+----------+--------+------+----------+--------+------+----------+--------+
| chq/bld_x.txt      | 1669     | 1360   | 0.8149 | 309    | 0.1851     | 789  | 0.4727   | 70     | 283  | 0.1696   | 63     | 173  | 0.1037   | 58     | 62   | 0.0371   | 23     | 41   | 0.0246   | 11     | 23   | 0.0138   | 3      |
| chq/byzq_x.txt     | 2393     | 1742   | 0.7280 | 651    | 0.2720     | 1036 | 0.4329   | 82     | 315  | 0.1316   | 58     | 266  | 0.1112   | 74     | 76   | 0.0318   | 38     | 41   | 0.0171   | 21     | 13   | 0.0054   | 5      |
| chq/gonggong_x.txt | 947      | 736    | 0.7772 | 211    | 0.2228     | 399  | 0.4213   | 56     | 116  | 0.1225   | 33     | 88   | 0.0929   | 44     | 56   | 0.0591   | 41     | 40   | 0.0422   | 30     | 38   | 0.0401   | 20     |
| chq/hml_x.txt      | 1483     | 1094   | 0.7377 | 389    | 0.2623     | 598  | 0.4032   | 75     | 192  | 0.1295   | 54     | 141  | 0.0951   | 62     | 53   | 0.0357   | 37     | 84   | 0.0566   | 49     | 29   | 0.0196   | 18     |
| chq/jiaoliu_x.txt  | 2978     | 2398   | 0.8052 | 580    | 0.1948     | 1397 | 0.4691   | 86     | 452  | 0.1518   | 61     | 323  | 0.1085   | 80     | 143  | 0.0480   | 44     | 61   | 0.0205   | 16     | 31   | 0.0104   | 8      |
| chq/liwa_x.txt     | 4689     | 3625   | 0.7731 | 1064   | 0.2269     | 2147 | 0.4579   | 100    | 695  | 0.1482   | 78     | 482  | 0.1028   | 108    | 221  | 0.0471   | 96     | 53   | 0.0113   | 28     | 42   | 0.0090   | 10     |
| chq/nvwa_x.txt     | 1399     | 1030   | 0.7362 | 369    | 0.2638     | 645  | 0.4610   | 72     | 179  | 0.1279   | 49     | 107  | 0.0765   | 41     | 47   | 0.0336   | 25     | 34   | 0.0243   | 10     | 19   | 0.0136   | 5      |
| chq/qinshi_x.txt   | 4279     | 3327   | 0.7775 | 952    | 0.2225     | 1804 | 0.4216   | 90     | 542  | 0.1267   | 74     | 390  | 0.0911   | 89     | 271  | 0.0633   | 92     | 203  | 0.0474   | 66     | 124  | 0.0290   | 31     |
| chq/woxxin_x.txt   | 3271     | 2588   | 0.7912 | 683    | 0.2088     | 1453 | 0.4442   | 74     | 415  | 0.1269   | 50     | 378  | 0.1156   | 71     | 152  | 0.0465   | 51     | 102  | 0.0312   | 28     | 95   | 0.0290   | 11     |
+--------------------+----------+--------+--------+--------+------------+------+----------+--------+------+----------+--------+------+----------+--------+------+----------+--------+------+----------+--------+------+----------+--------+
样本文件,样本词数,大纲词,总占比,超纲词,超纲词占比,ws_1,ws_1占比,ws_1_u,ws_2,ws_2占比,ws_2_u,ws_3,ws_3占比,ws_3_u,ws_4,ws_4占比,ws_4_u,ws_5,ws_5占比,ws_5_u,ws_6,ws_6占比,ws_6_u
chq/bld_x.txt,1669,1360,0.8149,309,0.1851,789,0.4727,70,283,0.1696,63,173,0.1037,58,62,0.0371,23,41,0.0246,11,23,0.0138,3
chq/byzq_x.txt,2393,1742,0.7280,651,0.2720,1036,0.4329,82,315,0.1316,58,266,0.1112,74,76,0.0318,38,41,0.0171,21,13,0.0054,5
chq/gonggong_x.txt,947,736,0.7772,211,0.2228,399,0.4213,56,116,0.1225,33,88,0.0929,44,56,0.0591,41,40,0.0422,30,38,0.0401,20
chq/hml_x.txt,1483,1094,0.7377,389,0.2623,598,0.4032,75,192,0.1295,54,141,0.0951,62,53,0.0357,37,84,0.0566,49,29,0.0196,18
chq/jiaoliu_x.txt,2978,2398,0.8052,580,0.1948,1397,0.4691,86,452,0.1518,61,323,0.1085,80,143,0.0480,44,61,0.0205,16,31,0.0104,8
chq/liwa_x.txt,4689,3625,0.7731,1064,0.2269,2147,0.4579,100,695,0.1482,78,482,0.1028,108,221,0.0471,96,53,0.0113,28,42,0.0090,10
chq/nvwa_x.txt,1399,1030,0.7362,369,0.2638,645,0.4610,72,179,0.1279,49,107,0.0765,41,47,0.0336,25,34,0.0243,10,19,0.0136,5
chq/qinshi_x.txt,4279,3327,0.7775,952,0.2225,1804,0.4216,90,542,0.1267,74,390,0.0911,89,271,0.0633,92,203,0.0474,66,124,0.0290,31
chq/woxxin_x.txt,3271,2588,0.7912,683,0.2088,1453,0.4442,74,415,0.1269,50,378,0.1156,71,152,0.0465,51,102,0.0312,28,95,0.0290,11