+------------------------+----------+--------+--------+--------+------------+------+----------+--------+------+----------+--------+------+----------+--------+------+----------+--------+------+----------+--------+------+----------+--------+
| 样本文件               | 样本词数 | 大纲词 | 总占比 | 超纲词 | 超纲词占比 | ws_1 | ws_1占比 | ws_1_u | ws_2 | ws_2占比 | ws_2_u | ws_3 | ws_3占比 | ws_3_u | ws_4 | ws_4占比 | ws_4_u | ws_5 | ws_5占比 | ws_5_u | ws_6 | ws_6占比 | ws_6_u |
+------------------------+----------+--------+--------+--------+------------+------+----------+--------+------+----------+--------+------+----------+--------+------+----------+--------+------+----------+--------+------+----------+--------+
| hyf/cuocuo_2.txt       | 5690     | 4531   | 0.7963 | 1159   | 0.2037     | 3144 | 0.5525   | 118    | 847  | 0.1489   | 78     | 396  | 0.0696   | 54     | 76   | 0.0134   | 14     | 14   | 0.0025   | 3      | 61   | 0.0107   | 4      |
| hyf/di_san_zhi.txt     | 8676     | 7076   | 0.8156 | 1600   | 0.1844     | 3987 | 0.4595   | 134    | 1313 | 0.1513   | 112    | 1168 | 0.1346   | 180    | 450  | 0.0519   | 110    | 88   | 0.0101   | 32     | 98   | 0.0113   | 10     |
| hyf/dian_nao.txt       | 14310    | 11988  | 0.8377 | 2322   | 0.1623     | 7410 | 0.5178   | 131    | 2646 | 0.1849   | 103    | 1230 | 0.0860   | 102    | 384  | 0.0268   | 46     | 252  | 0.0176   | 11     | 84   | 0.0059   | 4      |
| hyf/hua_pi.txt         | 10497    | 8397   | 0.7999 | 2100   | 0.2001     | 4666 | 0.4445   | 124    | 1622 | 0.1545   | 105    | 1347 | 0.1283   | 157    | 521  | 0.0496   | 98     | 199  | 0.0190   | 27     | 76   | 0.0072   | 7      |
| hyf/liang_ge_haizi.txt | 4908     | 4019   | 0.8189 | 889    | 0.1811     | 2568 | 0.5232   | 114    | 896  | 0.1826   | 73     | 406  | 0.0827   | 58     | 104  | 0.0212   | 11     | 16   | 0.0033   | 6      | 64   | 0.0130   | 5      |
| hyf/qing_feng.txt      | 6594     | 5308   | 0.8050 | 1286   | 0.1950     | 3150 | 0.4777   | 121    | 1143 | 0.1733   | 98     | 812  | 0.1231   | 113    | 178  | 0.0270   | 45     | 5    | 0.0008   | 4      | 18   | 0.0027   | 4      |
| hyf/ru_guo.txt         | 6889     | 5471   | 0.7942 | 1418   | 0.2058     | 3312 | 0.4808   | 128    | 1199 | 0.1740   | 110    | 716  | 0.1039   | 110    | 156  | 0.0226   | 39     | 71   | 0.0103   | 12     | 26   | 0.0038   | 1      |
| hyf/tiao_wu.txt        | 5180     | 4401   | 0.8496 | 779    | 0.1504     | 2860 | 0.5521   | 119    | 861  | 0.1662   | 81     | 472  | 0.0911   | 57     | 124  | 0.0239   | 20     | 63   | 0.0122   | 9      | 33   | 0.0064   | 7      |
| hyf/yue_liang.txt      | 8680     | 6985   | 0.8047 | 1695   | 0.1953     | 3910 | 0.4505   | 130    | 1331 | 0.1533   | 115    | 1128 | 0.1300   | 175    | 426  | 0.0491   | 107    | 137  | 0.0158   | 34     | 62   | 0.0071   | 8      |
+------------------------+----------+--------+--------+--------+------------+------+----------+--------+------+----------+--------+------+----------+--------+------+----------+--------+------+----------+--------+------+----------+--------+
样本文件,样本词数,大纲词,总占比,超纲词,超纲词占比,ws_1,ws_1占比,ws_1_u,ws_2,ws_2占比,ws_2_u,ws_3,ws_3占比,ws_3_u,ws_4,ws_4占比,ws_4_u,ws_5,ws_5占比,ws_5_u,ws_6,ws_6占比,ws_6_u
hyf/cuocuo_2.txt,5690,4531,0.7963,1159,0.2037,3144,0.5525,118,847,0.1489,78,396,0.0696,54,76,0.0134,14,14,0.0025,3,61,0.0107,4
hyf/di_san_zhi.txt,8676,7076,0.8156,1600,0.1844,3987,0.4595,134,1313,0.1513,112,1168,0.1346,180,450,0.0519,110,88,0.0101,32,98,0.0113,10
hyf/dian_nao.txt,14310,11988,0.8377,2322,0.1623,7410,0.5178,131,2646,0.1849,103,1230,0.0860,102,384,0.0268,46,252,0.0176,11,84,0.0059,4
hyf/hua_pi.txt,10497,8397,0.7999,2100,0.2001,4666,0.4445,124,1622,0.1545,105,1347,0.1283,157,521,0.0496,98,199,0.0190,27,76,0.0072,7
hyf/liang_ge_haizi.txt,4908,4019,0.8189,889,0.1811,2568,0.5232,114,896,0.1826,73,406,0.0827,58,104,0.0212,11,16,0.0033,6,64,0.0130,5
hyf/qing_feng.txt,6594,5308,0.8050,1286,0.1950,3150,0.4777,121,1143,0.1733,98,812,0.1231,113,178,0.0270,45,5,0.0008,4,18,0.0027,4
hyf/ru_guo.txt,6889,5471,0.7942,1418,0.2058,3312,0.4808,128,1199,0.1740,110,716,0.1039,110,156,0.0226,39,71,0.0103,12,26,0.0038,1
hyf/tiao_wu.txt,5180,4401,0.8496,779,0.1504,2860,0.5521,119,861,0.1662,81,472,0.0911,57,124,0.0239,20,63,0.0122,9,33,0.0064,7
hyf/yue_liang.txt,8680,6985,0.8047,1695,0.1953,3910,0.4505,130,1331,0.1533,115,1128,0.1300,175,426,0.0491,107,137,0.0158,34,62,0.0071,8