+-------------------------------------------------------------------------------------------------------------------------------------------------------------------------------+
|                                                                           国际汉语通用教材-1~6级(词)                                                                          |
+---------------+--------------+------------+--------+------------+----------------+------+--------+------+--------+------+--------+-----+--------+-----+--------+-----+--------+
| 样本文件      | 样本词(字)数 | 大纲词(字) | 总占比 | 超纲词(字) | 超纲词(字)占比 | 1    | 1占比  | 2    | 2占比  | 3    | 3占比  | 4   | 4占比  | 5   | 5占比  | 6   | 6占比  |
+---------------+--------------+------------+--------+------------+----------------+------+--------+------+--------+------+--------+-----+--------+-----+--------+-----+--------+
| chq/chq_1.txt | 4015         | 3126       | 0.7786 | 889        | 0.2214         | 1833 | 0.4565 | 578  | 0.1440 | 368  | 0.0917 | 165 | 0.0411 | 115 | 0.0286 | 80  | 0.0199 |
| chq/chq_2.txt | 6854         | 5234       | 0.7636 | 1620       | 0.2364         | 3031 | 0.4422 | 959  | 0.1399 | 730  | 0.1065 | 272 | 0.0397 | 186 | 0.0271 | 73  | 0.0107 |
| chq/chq_3.txt | 12239        | 9540       | 0.7795 | 2699       | 0.2205         | 5404 | 0.4415 | 1652 | 0.1350 | 1250 | 0.1021 | 644 | 0.0526 | 358 | 0.0293 | 261 | 0.0213 |
+---------------+--------------+------------+--------+------------+----------------+------+--------+------+--------+------+--------+-----+--------+-----+--------+-----+--------+
样本文件,样本词(字)数,大纲词(字),总占比,超纲词(字),超纲词(字)占比,1,1占比,2,2占比,3,3占比,4,4占比,5,5占比,6,6占比
chq/chq_1.txt,4015,3126,0.7786,889,0.2214,1833,0.4565,578,0.1440,368,0.0917,165,0.0411,115,0.0286,80,0.0199
chq/chq_2.txt,6854,5234,0.7636,1620,0.2364,3031,0.4422,959,0.1399,730,0.1065,272,0.0397,186,0.0271,73,0.0107
chq/chq_3.txt,12239,9540,0.7795,2699,0.2205,5404,0.4415,1652,0.1350,1250,0.1021,644,0.0526,358,0.0293,261,0.0213