+--------------------------------------------------------------------------------------------------------------------------------------------------------------------------------+
|                                                                           国际汉语通用教材-1~6级(字)                                                                           |
+---------------+--------------+------------+--------+------------+----------------+------+--------+------+--------+------+--------+------+--------+-----+--------+-----+--------+
| 样本文件      | 样本词(字)数 | 大纲词(字) | 总占比 | 超纲词(字) | 超纲词(字)占比 | 1    | 1占比  | 2    | 2占比  | 3    | 3占比  | 4    | 4占比  | 5   | 5占比  | 6   | 6占比  |
+---------------+--------------+------------+--------+------------+----------------+------+--------+------+--------+------+--------+------+--------+-----+--------+-----+--------+
| chq/chq_1.txt | 5354         | 5307       | 0.9912 | 47         | 0.0088         | 3042 | 0.5682 | 1051 | 0.1963 | 702  | 0.1311 | 334  | 0.0624 | 234 | 0.0437 | 90  | 0.0168 |
| chq/chq_2.txt | 9467         | 9423       | 0.9954 | 44         | 0.0046         | 5280 | 0.5577 | 1957 | 0.2067 | 1295 | 0.1368 | 678  | 0.0716 | 318 | 0.0336 | 153 | 0.0162 |
| chq/chq_3.txt | 16663        | 16498      | 0.9901 | 165        | 0.0099         | 9484 | 0.5692 | 3161 | 0.1897 | 2089 | 0.1254 | 1291 | 0.0775 | 674 | 0.0404 | 330 | 0.0198 |
+---------------+--------------+------------+--------+------------+----------------+------+--------+------+--------+------+--------+------+--------+-----+--------+-----+--------+
样本文件,样本词(字)数,大纲词(字),总占比,超纲词(字),超纲词(字)占比,1,1占比,2,2占比,3,3占比,4,4占比,5,5占比,6,6占比
chq/chq_1.txt,5354,5307,0.9912,47,0.0088,3042,0.5682,1051,0.1963,702,0.1311,334,0.0624,234,0.0437,90,0.0168
chq/chq_2.txt,9467,9423,0.9954,44,0.0046,5280,0.5577,1957,0.2067,1295,0.1368,678,0.0716,318,0.0336,153,0.0162
chq/chq_3.txt,16663,16498,0.9901,165,0.0099,9484,0.5692,3161,0.1897,2089,0.1254,1291,0.0775,674,0.0404,330,0.0198