+----------------------------------------------------------------------------------------------------------------------------------------------------------------------------------+
|                                                                            国际汉语通用教材-1~6级(字)                                                                            |
+---------------+--------------+------------+--------+------------+----------------+-------+--------+------+--------+------+--------+------+--------+------+--------+-----+--------+
| 样本文件      | 样本词(字)数 | 大纲词(字) | 总占比 | 超纲词(字) | 超纲词(字)占比 | 1     | 1占比  | 2    | 2占比  | 3    | 3占比  | 4    | 4占比  | 5    | 5占比  | 6   | 6占比  |
+---------------+--------------+------------+--------+------------+----------------+-------+--------+------+--------+------+--------+------+--------+------+--------+-----+--------+
| hyf/hyf_1.txt | 21291        | 21172      | 0.9944 | 119        | 0.0056         | 13768 | 0.6467 | 4447 | 0.2089 | 2206 | 0.1036 | 820  | 0.0385 | 406  | 0.0191 | 40  | 0.0019 |
| hyf/hyf_2.txt | 36667        | 36405      | 0.9929 | 262        | 0.0071         | 21742 | 0.5930 | 8548 | 0.2331 | 4532 | 0.1236 | 1300 | 0.0355 | 1012 | 0.0276 | 252 | 0.0069 |
| hyf/hyf_3.txt | 36935        | 36790      | 0.9961 | 145        | 0.0039         | 20179 | 0.5463 | 8155 | 0.2208 | 6135 | 0.1661 | 1953 | 0.0529 | 997  | 0.0270 | 253 | 0.0068 |
+---------------+--------------+------------+--------+------------+----------------+-------+--------+------+--------+------+--------+------+--------+------+--------+-----+--------+
样本文件,样本词(字)数,大纲词(字),总占比,超纲词(字),超纲词(字)占比,1,1占比,2,2占比,3,3占比,4,4占比,5,5占比,6,6占比
hyf/hyf_1.txt,21291,21172,0.9944,119,0.0056,13768,0.6467,4447,0.2089,2206,0.1036,820,0.0385,406,0.0191,40,0.0019
hyf/hyf_2.txt,36667,36405,0.9929,262,0.0071,21742,0.5930,8548,0.2331,4532,0.1236,1300,0.0355,1012,0.0276,252,0.0069
hyf/hyf_3.txt,36935,36790,0.9961,145,0.0039,20179,0.5463,8155,0.2208,6135,0.1661,1953,0.0529,997,0.0270,253,0.0068