+---------------------------------------------------------------------------------------------------------------------------------------------------------------------------------+
|                                                                            国际汉语通用教材-1~6级(词)                                                                           |
+---------------+--------------+------------+--------+------------+----------------+-------+--------+------+--------+------+--------+------+--------+-----+--------+-----+--------+
| 样本文件      | 样本词(字)数 | 大纲词(字) | 总占比 | 超纲词(字) | 超纲词(字)占比 | 1     | 1占比  | 2    | 2占比  | 3    | 3占比  | 4    | 4占比  | 5   | 5占比  | 6   | 6占比  |
+---------------+--------------+------------+--------+------------+----------------+-------+--------+------+--------+------+--------+------+--------+-----+--------+-----+--------+
| hyf/hyf_1.txt | 15778        | 12951      | 0.8208 | 2827       | 0.1792         | 8572  | 0.5433 | 2604 | 0.1650 | 1274 | 0.0807 | 304  | 0.0193 | 93  | 0.0059 | 158 | 0.0100 |
| hyf/hyf_2.txt | 27793        | 22767      | 0.8192 | 5026       | 0.1808         | 13872 | 0.4991 | 4988 | 0.1795 | 2758 | 0.0992 | 718  | 0.0258 | 328 | 0.0118 | 128 | 0.0046 |
| hyf/hyf_3.txt | 27853        | 22458      | 0.8063 | 5395       | 0.1937         | 12563 | 0.4510 | 4266 | 0.1532 | 3643 | 0.1308 | 1397 | 0.0502 | 424 | 0.0152 | 236 | 0.0085 |
+---------------+--------------+------------+--------+------------+----------------+-------+--------+------+--------+------+--------+------+--------+-----+--------+-----+--------+
样本文件,样本词(字)数,大纲词(字),总占比,超纲词(字),超纲词(字)占比,1,1占比,2,2占比,3,3占比,4,4占比,5,5占比,6,6占比
hyf/hyf_1.txt,15778,12951,0.8208,2827,0.1792,8572,0.5433,2604,0.1650,1274,0.0807,304,0.0193,93,0.0059,158,0.0100
hyf/hyf_2.txt,27793,22767,0.8192,5026,0.1808,13872,0.4991,4988,0.1795,2758,0.0992,718,0.0258,328,0.0118,128,0.0046
hyf/hyf_3.txt,27853,22458,0.8063,5395,0.1937,12563,0.4510,4266,0.1532,3643,0.1308,1397,0.0502,424,0.0152,236,0.0085