+--------------------------------------------------------------------------------------------------------------------------------------------------------------------------------------------------------------------------------+
|                                                                                                   国际汉语通用教材-1~6级(字)                                                                                                   |
+--------------------+--------------+------------+--------+------------+----------------+------+--------+-------+-----+--------+-------+-----+--------+-------+-----+--------+-------+----+--------+-------+----+--------+-------+
| 样本文件           | 样本词(字)数 | 大纲词(字) | 总占比 | 超纲词(字) | 超纲词(字)占比 | 1    | 1占比  | 1去重 | 2   | 2占比  | 2去重 | 3   | 3占比  | 3去重 | 4   | 4占比  | 4去重 | 5  | 5占比  | 5去重 | 6  | 6占比  | 6去重 |
+--------------------+--------------+------------+--------+------------+----------------+------+--------+-------+-----+--------+-------+-----+--------+-------+-----+--------+-------+----+--------+-------+----+--------+-------+
| chq/bld_x.txt      | 1669         | 1173       | 0.7028 | 496        | 0.2972         | 766  | 0.4590 | 64    | 239 | 0.1432 | 53    | 113 | 0.0677 | 26    | 34  | 0.0204 | 11    | 28 | 0.0168 | 5     | 6  | 0.0036 | 1     |
| chq/byzq_x.txt     | 2393         | 1496       | 0.6252 | 897        | 0.3748         | 989  | 0.4133 | 67    | 264 | 0.1103 | 50    | 124 | 0.0518 | 36    | 129 | 0.0539 | 15    | 22 | 0.0092 | 9     | 18 | 0.0075 | 9     |
| chq/gonggong_x.txt | 947          | 586        | 0.6188 | 361        | 0.3812         | 404  | 0.4266 | 56    | 94  | 0.0993 | 29    | 51  | 0.0539 | 26    | 30  | 0.0317 | 16    | 16 | 0.0169 | 6     | 5  | 0.0053 | 4     |
| chq/hml_x.txt      | 1483         | 904        | 0.6096 | 579        | 0.3904         | 570  | 0.3844 | 71    | 172 | 0.1160 | 45    | 96  | 0.0647 | 35    | 32  | 0.0216 | 18    | 35 | 0.0236 | 20    | 10 | 0.0067 | 7     |
| chq/jiaoliu_x.txt  | 2978         | 1933       | 0.6491 | 1045       | 0.3509         | 1347 | 0.4523 | 78    | 356 | 0.1195 | 45    | 148 | 0.0497 | 33    | 52  | 0.0175 | 12    | 21 | 0.0071 | 4     | 43 | 0.0144 | 3     |
| chq/liwa_x.txt     | 4689         | 3182       | 0.6786 | 1507       | 0.3214         | 2160 | 0.4607 | 91    | 677 | 0.1444 | 66    | 246 | 0.0525 | 57    | 142 | 0.0303 | 29    | 54 | 0.0115 | 9     | 2  | 0.0004 | 1     |
| chq/nvwa_x.txt     | 1399         | 961        | 0.6869 | 438        | 0.3131         | 644  | 0.4603 | 66    | 143 | 0.1022 | 40    | 120 | 0.0858 | 31    | 28  | 0.0200 | 10    | 25 | 0.0179 | 4     | 18 | 0.0129 | 5     |
| chq/qinshi_x.txt   | 4279         | 2669       | 0.6237 | 1610       | 0.3763         | 1775 | 0.4148 | 88    | 490 | 0.1145 | 62    | 226 | 0.0528 | 49    | 157 | 0.0367 | 31    | 86 | 0.0201 | 20    | 16 | 0.0037 | 9     |
| chq/woxxin_x.txt   | 3271         | 2063       | 0.6307 | 1208       | 0.3693         | 1403 | 0.4289 | 74    | 370 | 0.1131 | 46    | 158 | 0.0483 | 44    | 96  | 0.0293 | 18    | 47 | 0.0144 | 13    | 15 | 0.0046 | 4     |
+--------------------+--------------+------------+--------+------------+----------------+------+--------+-------+-----+--------+-------+-----+--------+-------+-----+--------+-------+----+--------+-------+----+--------+-------+
样本文件,样本词(字)数,大纲词(字),总占比,超纲词(字),超纲词(字)占比,1,1占比,1去重,2,2占比,2去重,3,3占比,3去重,4,4占比,4去重,5,5占比,5去重,6,6占比,6去重
chq/bld_x.txt,1669,1173,0.7028,496,0.2972,766,0.4590,64,239,0.1432,53,113,0.0677,26,34,0.0204,11,28,0.0168,5,6,0.0036,1
chq/byzq_x.txt,2393,1496,0.6252,897,0.3748,989,0.4133,67,264,0.1103,50,124,0.0518,36,129,0.0539,15,22,0.0092,9,18,0.0075,9
chq/gonggong_x.txt,947,586,0.6188,361,0.3812,404,0.4266,56,94,0.0993,29,51,0.0539,26,30,0.0317,16,16,0.0169,6,5,0.0053,4
chq/hml_x.txt,1483,904,0.6096,579,0.3904,570,0.3844,71,172,0.1160,45,96,0.0647,35,32,0.0216,18,35,0.0236,20,10,0.0067,7
chq/jiaoliu_x.txt,2978,1933,0.6491,1045,0.3509,1347,0.4523,78,356,0.1195,45,148,0.0497,33,52,0.0175,12,21,0.0071,4,43,0.0144,3
chq/liwa_x.txt,4689,3182,0.6786,1507,0.3214,2160,0.4607,91,677,0.1444,66,246,0.0525,57,142,0.0303,29,54,0.0115,9,2,0.0004,1
chq/nvwa_x.txt,1399,961,0.6869,438,0.3131,644,0.4603,66,143,0.1022,40,120,0.0858,31,28,0.0200,10,25,0.0179,4,18,0.0129,5
chq/qinshi_x.txt,4279,2669,0.6237,1610,0.3763,1775,0.4148,88,490,0.1145,62,226,0.0528,49,157,0.0367,31,86,0.0201,20,16,0.0037,9
chq/woxxin_x.txt,3271,2063,0.6307,1208,0.3693,1403,0.4289,74,370,0.1131,46,158,0.0483,44,96,0.0293,18,47,0.0144,13,15,0.0046,4