+---------------------------------------------------------------------------------------------------------------------------------------------------------------------------------------------------------------------------------------+
|                                                                                                       国际汉语通用教材-1~6级(字)                                                                                                      |
+------------------------+--------------+------------+--------+------------+----------------+------+--------+-------+------+--------+-------+------+--------+-------+-----+--------+-------+-----+--------+-------+----+--------+-------+
| 样本文件               | 样本词(字)数 | 大纲词(字) | 总占比 | 超纲词(字) | 超纲词(字)占比 | 1    | 1占比  | 1去重 | 2    | 2占比  | 2去重 | 3    | 3占比  | 3去重 | 4   | 4占比  | 4去重 | 5   | 5占比  | 5去重 | 6  | 6占比  | 6去重 |
+------------------------+--------------+------------+--------+------------+----------------+------+--------+-------+------+--------+-------+------+--------+-------+-----+--------+-------+-----+--------+-------+----+--------+-------+
| hyf/cuocuo_2.txt       | 5690         | 3644       | 0.6404 | 2046       | 0.3596         | 2699 | 0.4743 | 89    | 660  | 0.1160 | 56    | 231  | 0.0406 | 29    | 76  | 0.0134 | 4     | 28  | 0.0049 | 3     | 0  | 0.0000 | 0     |
| hyf/di_san_zhi.txt     | 8676         | 5881       | 0.6778 | 2795       | 0.3222         | 3648 | 0.4205 | 102   | 1223 | 0.1410 | 94    | 742  | 0.0855 | 104   | 274 | 0.0316 | 50    | 104 | 0.0120 | 15    | 8  | 0.0009 | 2     |
| hyf/dian_nao.txt       | 14310        | 9962       | 0.6962 | 4348       | 0.3038         | 6734 | 0.4706 | 90    | 2316 | 0.1618 | 83    | 782  | 0.0546 | 55    | 306 | 0.0214 | 14    | 136 | 0.0095 | 4     | 2  | 0.0001 | 1     |
| hyf/hua_pi.txt         | 10497        | 7472       | 0.7118 | 3025       | 0.2882         | 4479 | 0.4267 | 97    | 1612 | 0.1536 | 92    | 1025 | 0.0976 | 90    | 381 | 0.0363 | 51    | 122 | 0.0116 | 17    | 11 | 0.0010 | 3     |
| hyf/liang_ge_haizi.txt | 4908         | 3194       | 0.6508 | 1714       | 0.3492         | 2302 | 0.4690 | 89    | 676  | 0.1377 | 56    | 195  | 0.0397 | 35    | 49  | 0.0100 | 5     | 61  | 0.0124 | 3     | 2  | 0.0004 | 1     |
| hyf/qing_feng.txt      | 6594         | 4668       | 0.7079 | 1926       | 0.2921         | 2962 | 0.4492 | 96    | 1097 | 0.1664 | 76    | 505  | 0.0766 | 63    | 177 | 0.0268 | 15    | 52  | 0.0079 | 4     | 14 | 0.0021 | 2     |
| hyf/ru_guo.txt         | 6889         | 4622       | 0.6709 | 2267       | 0.3291         | 2986 | 0.4334 | 92    | 1108 | 0.1608 | 87    | 460  | 0.0668 | 54    | 97  | 0.0141 | 11    | 71  | 0.0103 | 6     | 0  | 0.0000 | 0     |
| hyf/tiao_wu.txt        | 5180         | 3572       | 0.6896 | 1608       | 0.3104         | 2516 | 0.4857 | 92    | 728  | 0.1405 | 62    | 276  | 0.0533 | 33    | 117 | 0.0226 | 7     | 45  | 0.0087 | 5     | 3  | 0.0006 | 2     |
| hyf/yue_liang.txt      | 8680         | 5685       | 0.6550 | 2995       | 0.3450         | 3611 | 0.4160 | 105   | 1212 | 0.1396 | 93    | 607  | 0.0699 | 96    | 248 | 0.0286 | 45    | 92  | 0.0106 | 14    | 25 | 0.0029 | 4     |
+------------------------+--------------+------------+--------+------------+----------------+------+--------+-------+------+--------+-------+------+--------+-------+-----+--------+-------+-----+--------+-------+----+--------+-------+
样本文件,样本词(字)数,大纲词(字),总占比,超纲词(字),超纲词(字)占比,1,1占比,1去重,2,2占比,2去重,3,3占比,3去重,4,4占比,4去重,5,5占比,5去重,6,6占比,6去重
hyf/cuocuo_2.txt,5690,3644,0.6404,2046,0.3596,2699,0.4743,89,660,0.1160,56,231,0.0406,29,76,0.0134,4,28,0.0049,3,0,0.0000,0
hyf/di_san_zhi.txt,8676,5881,0.6778,2795,0.3222,3648,0.4205,102,1223,0.1410,94,742,0.0855,104,274,0.0316,50,104,0.0120,15,8,0.0009,2
hyf/dian_nao.txt,14310,9962,0.6962,4348,0.3038,6734,0.4706,90,2316,0.1618,83,782,0.0546,55,306,0.0214,14,136,0.0095,4,2,0.0001,1
hyf/hua_pi.txt,10497,7472,0.7118,3025,0.2882,4479,0.4267,97,1612,0.1536,92,1025,0.0976,90,381,0.0363,51,122,0.0116,17,11,0.0010,3
hyf/liang_ge_haizi.txt,4908,3194,0.6508,1714,0.3492,2302,0.4690,89,676,0.1377,56,195,0.0397,35,49,0.0100,5,61,0.0124,3,2,0.0004,1
hyf/qing_feng.txt,6594,4668,0.7079,1926,0.2921,2962,0.4492,96,1097,0.1664,76,505,0.0766,63,177,0.0268,15,52,0.0079,4,14,0.0021,2
hyf/ru_guo.txt,6889,4622,0.6709,2267,0.3291,2986,0.4334,92,1108,0.1608,87,460,0.0668,54,97,0.0141,11,71,0.0103,6,0,0.0000,0
hyf/tiao_wu.txt,5180,3572,0.6896,1608,0.3104,2516,0.4857,92,728,0.1405,62,276,0.0533,33,117,0.0226,7,45,0.0087,5,3,0.0006,2
hyf/yue_liang.txt,8680,5685,0.6550,2995,0.3450,3611,0.4160,105,1212,0.1396,93,607,0.0699,96,248,0.0286,45,92,0.0106,14,25,0.0029,4