+----------------------------+----------+--------+--------+--------+------------+-------+--------+-----+--------+-----+--------+-----+--------+
| 样本文件                   | 样本词数 | 大纲词 | 总占比 | 超纲词 | 超纲词占比 | 甲    | 甲占比 | 乙  | 乙占比 | 丙  | 丙占比 | 丁  | 丁占比 |
+----------------------------+----------+--------+--------+--------+------------+-------+--------+-----+--------+-----+--------+-----+--------+
| chq/new/cuocuocuo.txt      | 5537     | 5130   | 0.9265 | 407    | 0.0735     | 4938  | 0.8918 | 111 | 0.0200 | 15  | 0.0027 | 66  | 0.0119 |
| chq/new/di_san_zhi.txt     | 8676     | 8396   | 0.9677 | 280    | 0.0323     | 7719  | 0.8897 | 514 | 0.0592 | 80  | 0.0092 | 83  | 0.0096 |
| chq/new/dian_nao.txt       | 14310    | 13868  | 0.9691 | 442    | 0.0309     | 12830 | 0.8966 | 670 | 0.0468 | 158 | 0.0110 | 210 | 0.0147 |
| chq/new/hua_pi.txt         | 10497    | 10248  | 0.9763 | 249    | 0.0237     | 9449  | 0.9002 | 543 | 0.0517 | 96  | 0.0091 | 160 | 0.0152 |
| chq/new/liang_ge_haizi.txt | 4908     | 4780   | 0.9739 | 128    | 0.0261     | 4526  | 0.9222 | 216 | 0.0440 | 25  | 0.0051 | 13  | 0.0026 |
| chq/new/qing_feng.txt      | 6594     | 6342   | 0.9618 | 252    | 0.0382     | 5970  | 0.9054 | 268 | 0.0406 | 33  | 0.0050 | 71  | 0.0108 |
| chq/new/tiao_wu.txt        | 5180     | 5047   | 0.9743 | 133    | 0.0257     | 4756  | 0.9181 | 168 | 0.0324 | 108 | 0.0208 | 15  | 0.0029 |
| chq/new/yue_liang.txt      | 8681     | 8452   | 0.9736 | 229    | 0.0264     | 7751  | 0.8929 | 572 | 0.0659 | 82  | 0.0094 | 47  | 0.0054 |
+----------------------------+----------+--------+--------+--------+------------+-------+--------+-----+--------+-----+--------+-----+--------+
样本文件,样本词数,大纲词,总占比,超纲词,超纲词占比,甲,甲占比,乙,乙占比,丙,丙占比,丁,丁占比
chq/new/cuocuocuo.txt,5537,5130,0.9265,407,0.0735,4938,0.8918,111,0.0200,15,0.0027,66,0.0119
chq/new/di_san_zhi.txt,8676,8396,0.9677,280,0.0323,7719,0.8897,514,0.0592,80,0.0092,83,0.0096
chq/new/dian_nao.txt,14310,13868,0.9691,442,0.0309,12830,0.8966,670,0.0468,158,0.0110,210,0.0147
chq/new/hua_pi.txt,10497,10248,0.9763,249,0.0237,9449,0.9002,543,0.0517,96,0.0091,160,0.0152
chq/new/liang_ge_haizi.txt,4908,4780,0.9739,128,0.0261,4526,0.9222,216,0.0440,25,0.0051,13,0.0026
chq/new/qing_feng.txt,6594,6342,0.9618,252,0.0382,5970,0.9054,268,0.0406,33,0.0050,71,0.0108
chq/new/tiao_wu.txt,5180,5047,0.9743,133,0.0257,4756,0.9181,168,0.0324,108,0.0208,15,0.0029
chq/new/yue_liang.txt,8681,8452,0.9736,229,0.0264,7751,0.8929,572,0.0659,82,0.0094,47,0.0054