+----------------------------------------------------------------------------------------------------------------------------------------------------------------------------------+
|                                                                            国际汉语通用教材-1~6级(词)                                                                            |
+-------------------+--------------+------------+--------+------------+----------------+------+--------+------+--------+------+--------+-----+--------+-----+--------+----+--------+
| 样本文件          | 样本词(字)数 | 大纲词(字) | 总占比 | 超纲词(字) | 超纲词(字)占比 | 1    | 1占比  | 2    | 2占比  | 3    | 3占比  | 4   | 4占比  | 5   | 5占比  | 6  | 6占比  |
+-------------------+--------------+------------+--------+------------+----------------+------+--------+------+--------+------+--------+-----+--------+-----+--------+----+--------+
| hyf_del/hyf_del_1 | 4001         | 3254       | 0.8133 | 747        | 0.1867         | 2150 | 0.5374 | 660  | 0.1650 | 326  | 0.0815 | 80  | 0.0200 | 11  | 0.0027 | 35 | 0.0087 |
| hyf_del/hyf_del_2 | 7096         | 5746       | 0.8098 | 1350       | 0.1902         | 3560 | 0.5017 | 1222 | 0.1722 | 735  | 0.1036 | 131 | 0.0185 | 80  | 0.0113 | 19 | 0.0027 |
| hyf_del/hyf_del_3 | 12412        | 10053      | 0.8099 | 2359       | 0.1901         | 5799 | 0.4672 | 1809 | 0.1457 | 1561 | 0.1258 | 601 | 0.0484 | 206 | 0.0166 | 94 | 0.0076 |
+-------------------+--------------+------------+--------+------------+----------------+------+--------+------+--------+------+--------+-----+--------+-----+--------+----+--------+
样本文件,样本词(字)数,大纲词(字),总占比,超纲词(字),超纲词(字)占比,1,1占比,2,2占比,3,3占比,4,4占比,5,5占比,6,6占比
hyf_del/hyf_del_1,4001,3254,0.8133,747,0.1867,2150,0.5374,660,0.1650,326,0.0815,80,0.0200,11,0.0027,35,0.0087
hyf_del/hyf_del_2,7096,5746,0.8098,1350,0.1902,3560,0.5017,1222,0.1722,735,0.1036,131,0.0185,80,0.0113,19,0.0027
hyf_del/hyf_del_3,12412,10053,0.8099,2359,0.1901,5799,0.4672,1809,0.1457,1561,0.1258,601,0.0484,206,0.0166,94,0.0076