+------------------------+----------+--------+--------+--------+------------+-------+--------+------+--------+-----+--------+-----+--------+
| 样本文件               | 样本词数 | 大纲词 | 总占比 | 超纲词 | 超纲词占比 | 甲    | 甲占比 | 乙   | 乙占比 | 丙  | 丙占比 | 丁  | 丁占比 |
+------------------------+----------+--------+--------+--------+------------+-------+--------+------+--------+-----+--------+-----+--------+
| hyf/cuocuo_2.txt       | 7765     | 7749   | 0.9979 | 16     | 0.0021     | 7517  | 0.9681 | 257  | 0.0331 | 36  | 0.0046 | 65  | 0.0084 |
| hyf/di_san_zhi.txt     | 11612    | 11608  | 0.9997 | 4      | 0.0003     | 11201 | 0.9646 | 499  | 0.0430 | 40  | 0.0034 | 47  | 0.0040 |
| hyf/dian_nao.txt       | 18780    | 18778  | 0.9999 | 2      | 0.0001     | 17650 | 0.9398 | 1400 | 0.0745 | 20  | 0.0011 | 24  | 0.0013 |
| hyf/hua_pi.txt         | 13566    | 13551  | 0.9989 | 15     | 0.0011     | 13061 | 0.9628 | 531  | 0.0391 | 114 | 0.0084 | 102 | 0.0075 |
| hyf/liang_ge_haizi.txt | 6694     | 6694   | 1.0000 | 0      | 0.0000     | 6457  | 0.9646 | 312  | 0.0466 | 3   | 0.0004 | 14  | 0.0021 |
| hyf/qing_feng.txt      | 8593     | 8580   | 0.9985 | 13     | 0.0015     | 8294  | 0.9652 | 218  | 0.0254 | 4   | 0.0005 | 225 | 0.0262 |
| hyf/ru_guo.txt         | 9294     | 9290   | 0.9996 | 4      | 0.0004     | 9036  | 0.9722 | 384  | 0.0413 | 16  | 0.0017 | 32  | 0.0034 |
| hyf/tiao_wu.txt        | 6832     | 6829   | 0.9996 | 3      | 0.0004     | 6551  | 0.9589 | 380  | 0.0556 | 6   | 0.0009 | 36  | 0.0053 |
| hyf/yue_liang.txt      | 11760    | 11742  | 0.9985 | 18     | 0.0015     | 11322 | 0.9628 | 406  | 0.0345 | 68  | 0.0058 | 53  | 0.0045 |
+------------------------+----------+--------+--------+--------+------------+-------+--------+------+--------+-----+--------+-----+--------+
样本文件,样本词数,大纲词,总占比,超纲词,超纲词占比,甲,甲占比,乙,乙占比,丙,丙占比,丁,丁占比
hyf/cuocuo_2.txt,7765,7749,0.9979,16,0.0021,7517,0.9681,257,0.0331,36,0.0046,65,0.0084
hyf/di_san_zhi.txt,11612,11608,0.9997,4,0.0003,11201,0.9646,499,0.0430,40,0.0034,47,0.0040
hyf/dian_nao.txt,18780,18778,0.9999,2,0.0001,17650,0.9398,1400,0.0745,20,0.0011,24,0.0013
hyf/hua_pi.txt,13566,13551,0.9989,15,0.0011,13061,0.9628,531,0.0391,114,0.0084,102,0.0075
hyf/liang_ge_haizi.txt,6694,6694,1.0000,0,0.0000,6457,0.9646,312,0.0466,3,0.0004,14,0.0021
hyf/qing_feng.txt,8593,8580,0.9985,13,0.0015,8294,0.9652,218,0.0254,4,0.0005,225,0.0262
hyf/ru_guo.txt,9294,9290,0.9996,4,0.0004,9036,0.9722,384,0.0413,16,0.0017,32,0.0034
hyf/tiao_wu.txt,6832,6829,0.9996,3,0.0004,6551,0.9589,380,0.0556,6,0.0009,36,0.0053
hyf/yue_liang.txt,11760,11742,0.9985,18,0.0015,11322,0.9628,406,0.0345,68,0.0058,53,0.0045